	learning_rate	n_estimators	max_depth	scale_pos_weight	macro_f1_cv_avg	weighted_f1_cv_avg
08	0.3	250	3	2	0.7556121328535413	0.8101174913911136
06	0.2	500	5	1	0.7547596026441357	0.8102359205079717
05	0.2	500	5	2	0.7547596026441357	0.8102359205079717
04	0.1	250	3	1	0.7509802110926647	0.8050565908961695
01	0.1	500	6	3	0.7507221662876138	0.8089608944693716
00	0.3	250	5	2	0.7499242897051875	0.8080107333351985
02	0.3	450	3	2	0.7479034805652223	0.8062745916672901
8	0.3	250	3	2	0.7556121328535413	0.8101174913911136
6	0.1	500	6	1	0.7547596026441357	0.8102359205079717
4	0.1	250	8	1	0.7509802110926647	0.8050565908961695
11	0.1	1000	6	2	0.7507221662876138	0.8089608944693716
0	0.5	500	3	2	0.7499242897051875	0.8080107333351985
2	0.1	500	8	1	0.7479034805652223	0.8062745916672901
13	0.3	2000	3	3	0.7382634225530125	0.8004138760060163
16	0.3	500	10	1	0.735182138481344	0.7973195399135149
1	0.5	250	8	1	0.7320260354279269	0.7935640490378603
12	0.3	3000	3	1	0.7320165741006107	0.7956735237649594
10	0.3	1000	8	1	0.7318535229369625	0.7946322102120316
3	0.1	3000	10	2	0.7318506723237409	0.7962600916581708
5	0.5	250	10	1	0.728932432740442	0.7926551896201269
9	0.3	2000	8	2	0.7266138210946073	0.7905368334130356
17	0.5	1000	6	3	0.7260612924657105	0.7909380736186093
15	0.3	3000	8	1	0.7246476953249671	0.788983990366841
14	0.5	2000	6	3	0.7212822542175474	0.786777229648475
7	0.5	3000	8	3	0.7165454949598578	0.7851311898739805
26	0.1	2000	8	2	0.70897011840188	0.7918437117585245
33	0.1	3000	10	1	0.70897011840188	0.7918437117585245
32	0.3	250	8	1	0.70897011840188	0.7918437117585245
31	0.5	1000	10	3	0.70897011840188	0.7918437117585245
30	0.3	3000	10	2	0.70897011840188	0.7918437117585245
29	0.1	3000	3	1	0.70897011840188	0.7918437117585245
28	0.5	2000	10	2	0.70897011840188	0.7918437117585245
27	0.5	250	6	3	0.70897011840188	0.7918437117585245
25	0.3	1000	3	2	0.70897011840188	0.7918437117585245
24	0.1	1000	10	2	0.70897011840188	0.7918437117585245
23	0.5	250	8	2	0.70897011840188	0.7918437117585245
22	0.1	1000	10	1	0.70897011840188	0.7918437117585245
21	0.5	250	3	3	0.70897011840188	0.7918437117585245
20	0.3	250	6	3	0.70897011840188	0.7918437117585245
19	0.3	250	6	2	0.70897011840188	0.7918437117585245
18	0.1	3000	8	2	0.70897011840188	0.7918437117585245
34	0.3	2000	3	2	0.70897011840188	0.7918437117585245
